// 1024 primes under UINTMAX/3
// n can grow about till 2.6 * 10^9366 == _M
1431634613,
1431634621,
1431634637,
1431634643,
1431634703,
1431634709,
1431634717,
1431634739,
1431634741,
1431634751,
1431634811,
1431634817,
1431634829,
1431634837,
1431634847,
1431634859,
1431634861,
1431634871,
1431634877,
1431634891,
1431634907,
1431634913,
1431634921,
1431634927,
1431634937,
1431634973,
1431634987,
1431635003,
1431635011,
1431635017,
1431635021,
1431635027,
1431635033,
1431635057,
1431635113,
1431635119,
1431635131,
1431635137,
1431635143,
1431635159,
1431635173,
1431635243,
1431635269,
1431635279,
1431635281,
1431635323,
1431635327,
1431635333,
1431635347,
1431635353,
1431635371,
1431635383,
1431635411,
1431635449,
1431635453,
1431635461,
1431635479,
1431635519,
1431635537,
1431635563,
1431635587,
1431635599,
1431635627,
1431635687,
1431635701,
1431635749,
1431635771,
1431635791,
1431635809,
1431635813,
1431635873,
1431635899,
1431635903,
1431635927,
1431635929,
1431635963,
1431635969,
1431635993,
1431636007,
1431636043,
1431636047,
1431636067,
1431636071,
1431636077,
1431636097,
1431636133,
1431636161,
1431636169,
1431636179,
1431636221,
1431636247,
1431636259,
1431636277,
1431636293,
1431636299,
1431636307,
1431636313,
1431636343,
1431636347,
1431636397,
1431636413,
1431636431,
1431636457,
1431636461,
1431636463,
1431636469,
1431636473,
1431636517,
1431636527,
1431636553,
1431636571,
1431636581,
1431636599,
1431636617,
1431636659,
1431636683,
1431636697,
1431636727,
1431636733,
1431636737,
1431636743,
1431636763,
1431636839,
1431636841,
1431636851,
1431636853,
1431636859,
1431636887,
1431636911,
1431636931,
1431636937,
1431636959,
1431636961,
1431636979,
1431636989,
1431636991,
1431637003,
1431637013,
1431637019,
1431637027,
1431637063,
1431637079,
1431637087,
1431637111,
1431637117,
1431637157,
1431637169,
1431637187,
1431637199,
1431637211,
1431637241,
1431637267,
1431637331,
1431637349,
1431637373,
1431637421,
1431637433,
1431637463,
1431637469,
1431637481,
1431637483,
1431637513,
1431637547,
1431637573,
1431637591,
1431637601,
1431637621,
1431637651,
1431637673,
1431637687,
1431637699,
1431637703,
1431637717,
1431637721,
1431637723,
1431637729,
1431637733,
1431637741,
1431637777,
1431637811,
1431637817,
1431637819,
1431637861,
1431637871,
1431637873,
1431637901,
1431637903,
1431637919,
1431637927,
1431637969,
1431637979,
1431637981,
1431638023,
1431638083,
1431638093,
1431638101,
1431638149,
1431638167,
1431638171,
1431638179,
1431638191,
1431638209,
1431638231,
1431638233,
1431638261,
1431638281,
1431638293,
1431638333,
1431638359,
1431638393,
1431638567,
1431638623,
1431638627,
1431638633,
1431638641,
1431638653,
1431638687,
1431638693,
1431638699,
1431638723,
1431638797,
1431638801,
1431638827,
1431638851,
1431638881,
1431638893,
1431638917,
1431638963,
1431639017,
1431639023,
1431639031,
1431639043,
1431639089,
1431639109,
1431639161,
1431639203,
1431639211,
1431639217,
1431639277,
1431639289,
1431639299,
1431639311,
1431639331,
1431639371,
1431639401,
1431639413,
1431639421,
1431639449,
1431639467,
1431639481,
1431639523,
1431639553,
1431639589,
1431639593,
1431639617,
1431639637,
1431639641,
1431639667,
1431639689,
1431639691,
1431639743,
1431639757,
1431639767,
1431639773,
1431639791,
1431639793,
1431639809,
1431639821,
1431639823,
1431639851,
1431639877,
1431639901,
1431639917,
1431639931,
1431639941,
1431639943,
1431639947,
1431639961,
1431639967,
1431639973,
1431640003,
1431640039,
1431640051,
1431640073,
1431640079,
1431640099,
1431640123,
1431640141,
1431640213,
1431640241,
1431640271,
1431640277,
1431640289,
1431640319,
1431640333,
1431640373,
1431640387,
1431640423,
1431640433,
1431640439,
1431640459,
1431640471,
1431640493,
1431640531,
1431640579,
1431640591,
1431640603,
1431640621,
1431640631,
1431640687,
1431640699,
1431640711,
1431640783,
1431640799,
1431640801,
1431640811,
1431640813,
1431640843,
1431640879,
1431640897,
1431640909,
1431640919,
1431640921,
1431640933,
1431640939,
1431640949,
1431641017,
1431641047,
1431641069,
1431641083,
1431641129,
1431641137,
1431641161,
1431641177,
1431641201,
1431641219,
1431641227,
1431641243,
1431641257,
1431641261,
1431641297,
1431641339,
1431641357,
1431641413,
1431641443,
1431641503,
1431641581,
1431641591,
1431641593,
1431641609,
1431641611,
1431641623,
1431641633,
1431641641,
1431641669,
1431641681,
1431641683,
1431641741,
1431641789,
1431641797,
1431641803,
1431641857,
1431641867,
1431641881,
1431641929,
1431641983,
1431641993,
1431642007,
1431642013,
1431642041,
1431642049,
1431642067,
1431642071,
1431642103,
1431642119,
1431642151,
1431642167,
1431642169,
1431642181,
1431642211,
1431642239,
1431642241,
1431642253,
1431642263,
1431642283,
1431642299,
1431642319,
1431642361,
1431642371,
1431642427,
1431642431,
1431642439,
1431642461,
1431642467,
1431642557,
1431642587,
1431642631,
1431642649,
1431642673,
1431642677,
1431642689,
1431642703,
1431642721,
1431642727,
1431642757,
1431642767,
1431642791,
1431642803,
1431642827,
1431642841,
1431642859,
1431642869,
1431642911,
1431642959,
1431642967,
1431642973,
1431643001,
1431643061,
1431643067,
1431643111,
1431643121,
1431643123,
1431643159,
1431643163,
1431643177,
1431643189,
1431643243,
1431643249,
1431643277,
1431643357,
1431643363,
1431643379,
1431643397,
1431643399,
1431643403,
1431643439,
1431643459,
1431643469,
1431643481,
1431643529,
1431643531,
1431643537,
1431643541,
1431643567,
1431643571,
1431643583,
1431643637,
1431643657,
1431643691,
1431643693,
1431643769,
1431643777,
1431643793,
1431643819,
1431643847,
1431643859,
1431643861,
1431643867,
1431643931,
1431643951,
1431643963,
1431643973,
1431643979,
1431644029,
1431644047,
1431644051,
1431644087,
1431644101,
1431644117,
1431644119,
1431644147,
1431644153,
1431644233,
1431644251,
1431644257,
1431644303,
1431644309,
1431644317,
1431644323,
1431644351,
1431644419,
1431644447,
1431644503,
1431644521,
1431644551,
1431644561,
1431644609,
1431644611,
1431644633,
1431644651,
1431644717,
1431644723,
1431644761,
1431644771,
1431644777,
1431644789,
1431644843,
1431644887,
1431644891,
1431644911,
1431644939,
1431644941,
1431644947,
1431644969,
1431644999,
1431645029,
1431645071,
1431645077,
1431645151,
1431645161,
1431645167,
1431645197,
1431645199,
1431645217,
1431645247,
1431645253,
1431645301,
1431645323,
1431645353,
1431645359,
1431645377,
1431645437,
1431645493,
1431645499,
1431645529,
1431645533,
1431645547,
1431645563,
1431645577,
1431645583,
1431645587,
1431645617,
1431645619,
1431645623,
1431645637,
1431645659,
1431645673,
1431645713,
1431645731,
1431645737,
1431645739,
1431645779,
1431645781,
1431645823,
1431645829,
1431645841,
1431645857,
1431645863,
1431645889,
1431645923,
1431645931,
1431645947,
1431645959,
1431645961,
1431645967,
1431646009,
1431646043,
1431646057,
1431646091,
1431646093,
1431646133,
1431646147,
1431646157,
1431646169,
1431646199,
1431646213,
1431646231,
1431646267,
1431646297,
1431646303,
1431646327,
1431646351,
1431646357,
1431646361,
1431646379,
1431646423,
1431646457,
1431646459,
1431646471,
1431646501,
1431646529,
1431646537,
1431646577,
1431646583,
1431646589,
1431646597,
1431646603,
1431646609,
1431646621,
1431646631,
1431646639,
1431646673,
1431646679,
1431646729,
1431646757,
1431646771,
1431646793,
1431646817,
1431646819,
1431646847,
1431646861,
1431646901,
1431646907,
1431646919,
1431646939,
1431646943,
1431646963,
1431647033,
1431647039,
1431647069,
1431647081,
1431647083,
1431647101,
1431647149,
1431647227,
1431647257,
1431647291,
1431647293,
1431647317,
1431647323,
1431647377,
1431647381,
1431647383,
1431647407,
1431647411,
1431647417,
1431647423,
1431647429,
1431647447,
1431647453,
1431647507,
1431647513,
1431647519,
1431647521,
1431647531,
1431647561,
1431647563,
1431647579,
1431647593,
1431647617,
1431647641,
1431647647,
1431647653,
1431647687,
1431647837,
1431647849,
1431647863,
1431647873,
1431647879,
1431647887,
1431647897,
1431647933,
1431647953,
1431648007,
1431648011,
1431648061,
1431648077,
1431648079,
1431648083,
1431648109,
1431648121,
1431648131,
1431648139,
1431648167,
1431648193,
1431648203,
1431648221,
1431648269,
1431648287,
1431648311,
1431648313,
1431648329,
1431648371,
1431648377,
1431648433,
1431648443,
1431648451,
1431648457,
1431648577,
1431648583,
1431648587,
1431648599,
1431648601,
1431648611,
1431648643,
1431648649,
1431648661,
1431648671,
1431648677,
1431648683,
1431648707,
1431648719,
1431648721,
1431648737,
1431648781,
1431648791,
1431648793,
1431648839,
1431648853,
1431648857,
1431648901,
1431648919,
1431648943,
1431648971,
1431649001,
1431649013,
1431649019,
1431649057,
1431649097,
1431649151,
1431649157,
1431649159,
1431649189,
1431649207,
1431649211,
1431649213,
1431649229,
1431649231,
1431649243,
1431649291,
1431649301,
1431649313,
1431649333,
1431649343,
1431649361,
1431649363,
1431649391,
1431649393,
1431649397,
1431649403,
1431649423,
1431649493,
1431649517,
1431649523,
1431649553,
1431649567,
1431649579,
1431649591,
1431649643,
1431649669,
1431649711,
1431649717,
1431649733,
1431649741,
1431649777,
1431649831,
1431649837,
1431649957,
1431649963,
1431649969,
1431649987,
1431649993,
1431650021,
1431650039,
1431650069,
1431650081,
1431650083,
1431650141,
1431650147,
1431650161,
1431650167,
1431650179,
1431650201,
1431650219,
1431650243,
1431650273,
1431650333,
1431650357,
1431650369,
1431650371,
1431650383,
1431650443,
1431650489,
1431650491,
1431650497,
1431650527,
1431650531,
1431650543,
1431650579,
1431650629,
1431650641,
1431650651,
1431650653,
1431650677,
1431650687,
1431650747,
1431650749,
1431650761,
1431650783,
1431650791,
1431650827,
1431650837,
1431650951,
1431650963,
1431651019,
1431651037,
1431651043,
1431651047,
1431651049,
1431651059,
1431651163,
1431651203,
1431651217,
1431651229,
1431651239,
1431651257,
1431651259,
1431651301,
1431651367,
1431651371,
1431651373,
1431651427,
1431651449,
1431651457,
1431651493,
1431651521,
1431651523,
1431651527,
1431651553,
1431651563,
1431651581,
1431651587,
1431651601,
1431651623,
1431651649,
1431651673,
1431651677,
1431651679,
1431651707,
1431651713,
1431651731,
1431651733,
1431651737,
1431651763,
1431651773,
1431651839,
1431651853,
1431651869,
1431651887,
1431651911,
1431651929,
1431651937,
1431651941,
1431651943,
1431651967,
1431651979,
1431652021,
1431652049,
1431652067,
1431652069,
1431652111,
1431652121,
1431652133,
1431652139,
1431652153,
1431652171,
1431652207,
1431652213,
1431652217,
1431652237,
1431652241,
1431652247,
1431652259,
1431652267,
1431652283,
1431652349,
1431652351,
1431652379,
1431652381,
1431652393,
1431652471,
1431652531,
1431652609,
1431652613,
1431652619,
1431652631,
1431652639,
1431652661,
1431652669,
1431652693,
1431652697,
1431652727,
1431652741,
1431652751,
1431652753,
1431652763,
1431652769,
1431652777,
1431652787,
1431652799,
1431652867,
1431652897,
1431652913,
1431652927,
1431652939,
1431652967,
1431652987,
1431652993,
1431653039,
1431653071,
1431653077,
1431653107,
1431653123,
1431653141,
1431653143,
1431653149,
1431653177,
1431653183,
1431653207,
1431653219,
1431653227,
1431653233,
1431653257,
1431653261,
1431653273,
1431653291,
1431653303,
1431653339,
1431653389,
1431653393,
1431653429,
1431653441,
1431653551,
1431653579,
1431653599,
1431653609,
1431653627,
1431653647,
1431653711,
1431653719,
1431653723,
1431653747,
1431653761,
1431653767,
1431653813,
1431653831,
1431653843,
1431653849,
1431653941,
1431653947,
1431653953,
1431653999,
1431654019,
1431654023,
1431654043,
1431654097,
1431654127,
1431654149,
1431654151,
1431654187,
1431654197,
1431654227,
1431654229,
1431654233,
1431654241,
1431654299,
1431654361,
1431654373,
1431654377,
1431654409,
1431654421,
1431654457,
1431654461,
1431654463,
1431654479,
1431654487,
1431654491,
1431654509,
1431654533,
1431654557,
1431654563,
1431654613,
1431654659,
1431654661,
1431654667,
1431654671,
1431654683,
1431654691,
1431654781,
1431654787,
1431654793,
1431654797,
1431654821,
1431654877,
1431654899,
1431654907,
1431654923,
1431655003,
1431655007,
1431655013,
1431655019,
1431655031,
1431655039,
1431655063,
1431655117,
1431655123,
1431655189,
1431655193,
1431655213,
1431655229,
1431655271,
1431655283,
1431655321,
1431655327,
1431655363,
1431655417,
1431655457,
1431655469,
1431655481,
1431655501,
1431655517,
1431655571,
1431655583,
1431655601,
1431655627,
1431655637,
1431655651,
1431655657,
1431655661,
1431655699,
1431655703,
1431655739,
1431655747,
1431655751,
